14290999078970496739583153
14283144558208900672840626
14051231173848401830158953
14412498087343121290908304
14169466736675076829014254
14156102713695790198094071
14359656081273474011928832
14570093252904998116882310
14856032948839597317613774
14734390319147411548252992
14923951205508007719160691
14182062439296285057682357
14963548769783740421732926
14350863683584924515293176
14320456602289711575856490
14391210279932101266683204
14741861698938732216371690
14629248177201951671160420
14691027581754515313624914
14226518773226525175955510
14886515129161412286937168
14173829804944797953460206
14790947792049018130119716
14048275029382547957928132
14117373788280703563151400
14261461368208727084812044
14749563897853577201787349
14042620768446952274796694
14596497874328836883209828
14075861397833442511727078
14112209721238689567361979
14042073090991241195242094
14209224612610210774870116
14455422627886993505320192
14854264717653290195322528
14128017480509097095760753
14274188362679225652108058
14752570310781114751986019
14665113917518117004784601
14097392235536504764692058
14922237020851365755111243
14750064807027786195330660
14090942133758723049233518
14672734228886582214394014
14736139288478416660861704
14818963315391751325941994
14425182997671283889176796
14038859369575107082369517
14027356292652752547296130
14607769472519706187664906
14018131410396568654952138
14694256786878634917738592
14593247666647324406495501
14928689882529692364459530
14306246285809497528338858
14320280904444004266683204
14762835402691210499461471
14543516652687623205146746
14454406816521145271811995
14004361486355638418299433
14590808725685313233471975
14783158217956842233225220
14736589098140358676725580
14645209301162026217763545
14611778096074852741417541
14798504469332047303024626
14349375076012648021962698
14213996648995246939458662
14754081994351841926379680
